[camera]
str_manufacturer = TIS
str_model = DMK 23U618 49410244
str_format = Y800 (640x480)
int_resolution_x = 480
int_resolution_y = 640

[display]
float_pos_glob_x_pos = 0.012999999999999998
float_pos_glob_y_pos = -0.006000000000000004
float_pos_glob_radial_offset = 0.511
float_view_elev_angle = -15.699999999999998
float_view_axis_offset = 0.018000000000000002
float_view_origin_distance = 4.200000000000003
float_view_fov = 59.0
int_disp_screen_id = 0
bool_disp_fullscreen = True

